Powerplant_Airpollution,1.0,[1.0, 1.0],[976, 931],1.0
HIV_Screening,1.0,[1.0, 1.0],[1000, 1000],0.0
Computer_Diagnostician,1,[1, 1],[963, 898],0
Test_Strep,0.0,[0.0, 0.0],[994, 981],0.0
Powerplant_Airpollution,0.0,[0.0, 0.0],[921, 916],[(50, 50), (45, 55)],1.0
HIV_Screening,1.0,[1.0, 0.0],[525, 506],[(50, 50), (45, 55)],0.0
Powerplant_Airpollution,0.0,[0.0, 0.0],[917, 913],[(50, 50), (45, 55)],1.0
HIV_Screening,1.0,[1.0, 1.0],[502, 556],[(50, 50), (45, 55)],0.0
Powerplant_Airpollution,0.0,[0.0, 0.0],[913, 918],[(50, 50), (45, 55)],1.0
HIV_Screening,1.0,[1.0, 0.0],[513, 512],[(50, 50), (45, 55)],0.0
Powerplant_Airpollution,0.0,[0.0, 0.0],[941, 910],[(50, 50), (45, 55)],1.0
HIV_Screening,0.0,[0.0, 0.0],[506, 503],[(50, 50), (45, 55)],0.0
Powerplant_Airpollution,0.0,[0.0, 0.0],[916, 897],[(50, 50), (45, 55)],1.0
HIV_Screening,1.0,[1.0, 1.0],[531, 511],[(50, 50), (45, 55)],0.0
Powerplant_Airpollution,0.0,[0.0, 0.0],[912, 907],[(50, 50), (45, 55)],1.0
HIV_Screening,1.0,[1.0, 1.0],[524, 550],[(50, 50), (45, 55)],0.0
Powerplant_Airpollution,0.0,[0.0, 0.0],[922, 905],[(50, 50), (45, 55)],1.0
HIV_Screening,1.0,[1.0, 1.0],[504, 513],[(50, 50), (45, 55)],0.0
Powerplant_Airpollution,0.0,[0.0, 0.0],[913, 909],[(50, 50), (45, 55)],1.0
HIV_Screening,1.0,[1.0, 1.0],[512, 534],[(50, 50), (45, 55)],0.0
Powerplant_Airpollution,0.0,[0.0, 0.0],[926, 907],[(50, 50), (45, 55)],1.0
HIV_Screening,1.0,[1.0, 1.0],[510, 533],[(50, 50), (45, 55)],0.0
